#GEOG331 Activity 2
# Z.A. 01/31/2022

# make a vector for practice
heights <- c(20, 30, 40, 50)

heights^2
